# This file may be used to create an environment using:
# $ conda create --name <env> --file <this file>
# platform: win-64
anyio=3.6.1=pyhd8ed1ab_1
blas=2.116=mkl
blas-devel=3.9.0=16_win64_mkl
brotlipy=0.7.0=py39hb82d6ee_1004
ca-certificates=2022.6.15.2=h5b45459_0
certifi=2022.6.15.1=pyhd8ed1ab_0
cffi=1.15.1=py39h0878f49_0
charset-normalizer=2.1.1=pyhd8ed1ab_0
click=8.1.3=py39hcbf5309_0
colorama=0.4.5=pyhd8ed1ab_0
cryptography=37.0.4=py39h7bc7c5c_0
cudatoolkit=11.6.0=hc0ea762_10
fastapi=0.82.0=pyhd8ed1ab_0
freetype=2.12.1=h546665d_0
greenlet=1.1.3=pypi_0
h11=0.13.0=pyhd8ed1ab_1
httptools=0.5.0=py39ha55989b_0
idna=3.3=pyhd8ed1ab_0
intel-openmp=2022.1.0=h57928b3_3787
jpeg=9e=h8ffe710_2
lcms2=2.12=h2a16943_0
lerc=3.0=h0e60522_0
libblas=3.9.0=16_win64_mkl
libcblas=3.9.0=16_win64_mkl
libdeflate=1.12=h8ffe710_0
liblapack=3.9.0=16_win64_mkl
liblapacke=3.9.0=16_win64_mkl
libpng=1.6.37=h1d00b33_4
libtiff=4.4.0=h2ed3b44_1
libuv=1.44.2=h8ffe710_0
libwebp-base=1.2.4=h8ffe710_0
libxcb=1.13=hcd874cb_1004
libzlib=1.2.12=h8ffe710_2
lz4-c=1.9.3=h8ffe710_1
m2w64-gcc-libgfortran=5.3.0=6
m2w64-gcc-libs=5.3.0=7
m2w64-gcc-libs-core=5.3.0=7
m2w64-gmp=6.1.0=2
m2w64-libwinpthread-git=5.0.0.4634.697f757=2
mkl=2022.1.0=h6a75c08_874
mkl-devel=2022.1.0=h57928b3_875
mkl-include=2022.1.0=h6a75c08_874
msys2-conda-epoch=20160418=1
numpy=1.23.2=py39h1a62c8c_0
openjpeg=2.5.0=hc9384bd_1
openssl=1.1.1q=h8ffe710_0
pillow=9.2.0=py39hcef8f5f_2
pip=22.1.2=py39haa95532_0
pthread-stubs=0.4=hcd874cb_1001
pycparser=2.21=pyhd8ed1ab_0
pydantic=1.9.2=py39hb82d6ee_0
pymysql=1.0.2=py39haa95532_1
pyopenssl=22.0.0=pyhd8ed1ab_0
pysocks=1.7.1=pyh0701188_6
python=3.9.13=h6244533_1
python-dotenv=0.21.0=pyhd8ed1ab_0
python-multipart=0.0.5=py_0
python_abi=3.9=2_cp39
pytorch=1.12.1=py3.9_cuda11.6_cudnn8_0
pytorch-mutex=1.0=cuda
pyyaml=6.0=py39hb82d6ee_4
requests=2.28.1=pyhd8ed1ab_1
setuptools=63.4.1=py39haa95532_0
six=1.16.0=pyh6c4a22f_0
sniffio=1.3.0=pyhd8ed1ab_0
sqlalchemy=1.4.41=pypi_0
sqlite=3.39.2=h2bbff1b_0
starlette=0.19.1=pyhd8ed1ab_0
tbb=2021.5.0=h2d74725_1
tk=8.6.12=h8ffe710_0
torchaudio=0.12.1=py39_cu116
torchvision=0.13.1=py39_cu116
typing-extensions=4.3.0=hd8ed1ab_0
typing_extensions=4.3.0=pyha770c72_0
tzdata=2022a=hda174b7_0
ucrt=10.0.20348.0=h57928b3_0
urllib3=1.26.11=pyhd8ed1ab_0
uvicorn=0.18.3=py39hcbf5309_0
uvicorn-standard=0.18.3=hcbf5309_0
vc=14.2=h21ff451_1
vs2015_runtime=14.29.30139=h890b9b1_7
watchfiles=0.17.0=py39h851ea0a_1
websockets=10.3=py39hb82d6ee_0
wheel=0.37.1=pyhd3eb1b0_0
win_inet_pton=1.1.0=py39hcbf5309_4
wincertstore=0.2=py39haa95532_2
xorg-libxau=1.0.9=hcd874cb_0
xorg-libxdmcp=1.1.3=hcd874cb_0
xz=5.2.6=h8d14728_0
yaml=0.2.5=h8ffe710_2
zstd=1.5.2=h6255e5f_4
